0.6893389774486423
0.6701777735725045
0.6693474650382996
0.6683078864589334
0.6640290636569262
0.6235457509756088
0.4727168479003012
0.624649431090802
0.6095693232491612
0.6147805349901319
0.5871679177507758
0.6605142122134566
0.652698552235961
0.6451899595558643
0.6474117636680603
0.6480621891096234
0.6317103579640388
0.6413653618656099
0.6310311448760331
0.6328638391569257
0.6320140333846211
0.6321808928623796
0.6165879471227527
0.6403091540560126
0.6271812580525875
0.6369102159515023
0.6266172407194972
0.6270892252214253
0.6392516032792628
0.6262178458273411
0.629498322494328
0.6180788427591324
0.6156775974668562
0.6336247222498059
0.6378673305734992
0.618669013492763
0.623477078974247
0.6173456362448633
0.6088147489354014
0.6193539621308446
0.6062826556153595
0.6256098821759224
0.6356992786750197
0.623994124121964
0.6357808336615562
0.6307568550109863
0.6057396838441491
0.6047037923708558
0.621793404687196
0.6211757715791464
0.6293280655518174
0.6351046115159988
0.6242827088572085
0.6162397009320557
0.6065568616613746
0.6115832636132836
0.617567915469408
0.6150942528620362
0.6318178414367139
0.6287692356854677
0.6064224196597934
0.6143527831882238
0.6069494136609137
0.6139965052716434
0.611562367528677
0.6120575540699065
0.6240861732512712
0.620875590480864
0.6220545032992959
0.6221649656072259
0.5978165683336556
0.5960819758474827
0.6152402800507843
0.6034751399420202
0.6105187414214015
0.6281258640810847
0.6250481717288494
0.629730399698019
0.6202704552561045
0.5997705357149243
0.6008855132386088
0.6081471112556756
0.6105591445229948
0.6032250211574137
0.6162891504354775
0.6277584563940763
0.6276629073545337
0.6160368178971112
0.6132460935041308
0.5956251341849566
0.6008065943606198
0.6311200764030218
0.6048743044957519
0.6140265837311745
0.6296035195700824
0.6191835859790444
0.6265061628073454
0.6260314141400158
0.5956075740978122
0.5887442221865058
0.6102210907265544
0.6115307067520916
0.5840568924322724
0.6256992542184889
0.6222505085170269
0.6165374759584665
0.6314701586961746
0.6230419399216771
0.6173271834850311
0.5808847118169069
0.5955935711972415
0.6059683682397008
0.6159570277668536
0.6223261635750532
0.6143027716316283
0.6228335900232196
0.6184224751777947
0.6208904581144452
0.6170650999993086
0.6192118553444743
0.5967856654897332
0.6018653358332813
0.5949145150370896
0.606668817345053
0.6173562882468104
0.6114405188709497
0.604721256531775
0.6257363953627646
0.6327211419120431
0.6203083633445203
0.6225171550177038
0.5539886164478958
0.5734677971340716
0.5744800353422761
0.597363440785557
0.591935858130455
0.5959335439838469
0.6129400138743222
0.5936306533403695
0.6061648847535253
0.6092228246852756
0.5952894315123558
0.5983259556815028
0.5917220013216138
0.5942710349336267
0.5909089287742972
0.591300577390939
0.5780530995689332
0.6003444632515311
0.5889716409146786
0.6009376831352711
0.5803430532105267
0.5872015194036067
0.5934157213196158
0.5951091321185231
0.581277855206281
0.5658591110259295
0.5797314909286797
0.6044441950507462
0.6088557038456202
0.5927963806316257
0.5901277512311935
0.5765066761523485
0.5660189818590879
0.5728316558524966
0.5699168895371258
0.5816717208363116
0.6082841185852885
0.5874905521050096
0.5997923067770898
0.5970025202259421
0.5707071437500417
0.5640921392478049
0.5875385398976505
0.5902075674384832
0.5920739620923996
0.604462739545852
0.5871715066023171
0.5830388045869768
0.5717877084389329
0.574447728227824
0.5782421897165477
0.5819493024609983
0.6028715134598315
0.6066034301184118
0.5773191791959107
0.579867044929415
0.5803783065639436
0.5768535160459578
0.5689537501893938
0.5655385851860046
0.5878228475339711
0.5934188277460635
0.5828776196576655
0.5850625047460198
0.5633468837477267
0.5546703082509339
0.5777468713931739
0.5650116880424321
0.5740666384808719
0.5973300412297249
0.5950902462936938
0.6048877723515034
0.5884808739647269
0.5646694572642446
0.5645480030216277
0.5733959749341011
0.577399171423167
0.5651417803019285
0.5835021580569446
0.5976701551117003
0.5920491218566895
0.5830324646085501
0.5851061204448342
0.5593575844541192
0.571738294325769
0.6006676252000034
0.5689086755737662
0.5738008627668023
0.5952718048356473
0.581618919968605
0.5979726198129356
0.5989072532393038
0.5545834065414965
0.5529431668110192
0.5770085994154215
0.5784530630335212
0.5142570994794369
0.5256916037760675
0.5267817992717028
0.5616246038116515
0.5439594006165862
0.5642654565162957
0.5715707894414663
0.5649372399784625
0.5663018403574824
0.5714361956343055
0.5606418205425143
0.5649745925329626
0.5585287548601627
0.5516697159036994
0.5579069298692048
0.5560875805094838
0.5392088424414396
0.5657790554687381
0.5529020223766565
0.5629583015106618
0.5425803167745471
0.5403075329959393
0.549118360504508
0.5581961385905743
0.5309271267615259
0.516432732809335
0.5265632132068276
0.5701320450752974
0.5738921840675175
0.5628394465893507
0.5531487474218011
0.5378832812421024
0.5172753920778632
0.5251590898260474
0.529634409584105
0.5464461501687765
0.5681937588378787
0.5576208047568798
0.5662120250053704
0.5519725973717868
0.5194213837385178
0.5053400499746203
0.5441731568425894
0.5534163862466812
0.5552238402888179
0.5698345210403204
0.5391053925268352
0.5316882580518723
0.5201799552887678
0.5286568622104824
0.5368424938060343
0.5464313039556146
0.56392742972821
0.5670298775658011
0.6838534418493509
0.6741464333608747
0.6615701308473945
0.6697365697473288
0.6647702176123857
0.6555630629882216
0.6608421010896564
0.6455533746629953
0.6529436446726322
0.6546746073290706
0.6417201813310385
0.6509384997189045
0.6455442439764738
0.6378150805830956
0.6383519116789103
0.640969792380929
0.6240938762202859
0.6441530184820294
0.6429477296769619
0.6427116459235549
0.6251195818185806
0.6313368366099894
0.6346577508375049
0.6314465356990695
0.6282112570479512
0.6163601195439696
0.6130060260184109
0.6367660486139357
0.6407687142491341
0.6218347996473312
0.6245450712740421
0.6168423891067505
0.6093944944441319
0.6154913576319814
0.6113330977968872
0.6259333239868283
0.6437369277700782
0.6246410510502756
0.6398732578381896
0.6297392006963491
0.61396992392838
0.6015102392993867
0.6221206020563841
0.6219640583731234
0.6294858902692795
0.6264296052977443
0.6238962095230818
0.6191638172604144
0.6035072281956673
0.6130877267569304
0.6182892406359315
0.6110146283172071
0.6273205038160086
0.6298402640968561
0.6131592118181288
0.6075490768998861
0.6030156835913658
0.6153987511061132
0.6052813669666648
0.6118627018295228
0.6233882680535316
0.6212912835180759
0.6210004137828946
0.6212304495275021
0.6028865366242826
0.5923847546800971
0.6177684376016259
0.5943296737968922
0.6038887295871973
0.6262354478240013
0.6206407635472715
0.6336097065359354
0.6226293491199613
0.6009324081242085
0.6016348297707736
0.607737697660923
0.6154802339151502
0.5983109129592776
0.6172957611270249
0.6271075299009681
0.6279736403375864
0.6122313556261361
0.6165098277851939
0.5934679200872779
0.6000210540369153
0.6277744024991989
0.6100107748061419
0.6084539382718503
0.6267652921378613
0.6202922104857862
0.6291607753373682
0.6246411791071296
0.5984045201912522
0.5864517614245415
0.6084262123331428
0.5810207417234778
0.590576458722353
0.5891872458159924
0.6167375692166388
0.603899129666388
0.5967323249205947
0.6110846535302699
0.5949282706715167
0.6094077280722558
0.6064894576556981
0.5959494668059051
0.6012640199624002
0.5969386976212263
0.5946311806328595
0.5924949259497225
0.5889666085131466
0.5820759329944849
0.5946077154949307
0.5903707784600556
0.6081512137316167
0.5751829501241446
0.5884841936640441
0.5902891708537936
0.592624413780868
0.5740733044221997
0.5679343501105905
0.5727428887039423
0.6009078496135771
0.6084540053270757
0.5931574879214168
0.5898554166778922
0.580284574534744
0.5631582923233509
0.5756144095212221
0.5742990085855126
0.5903600971214473
0.6058295699767768
0.5930462474934757
0.605936739128083
0.5946541596204042
0.5724984123371542
0.5578085989691317
0.589631742797792
0.5877444939687848
0.5946471518836915
0.5971259931102395
0.5828991290181875
0.5806930768303573
0.5673055076040328
0.5749896797351539
0.577493857126683
0.5765135339461267
0.594348503742367
0.6031497698277235
0.5711615099571645
0.5762035981751978
0.5670494250953197
0.5751965017989278
0.575535352807492
0.5671265623532236
0.5826556757092476
0.5872642369940877
0.5803050021640956
0.5842292020097375
0.5668666143901646
0.5492613948881626
0.5772861982695758
0.5573767670430243
0.5641642287373543
0.5935040730983019
0.5850583924911916
0.609627780970186
0.5909569319337606
0.562934301327914
0.5638032872229815
0.5587506485171616
0.5794574222527444
0.5628518066368997
0.5814405055716634
0.6010002223774791
0.595678370911628
0.5844866763800383
0.5841840719804168
0.5522358198650181
0.5574515638872981
0.5964249414391816
0.5751334596425295
0.5694465269334614
0.5998758785426617
0.5917030065320432
0.6017823335714638
0.5908222319558263
0.5606569075025618
0.5444484734907746
0.5804661405272782
0.6113580269739032
0.5466920454055071
0.5544156762771308
0.5589974387548864
0.5793157080188394
0.5730044930242002
0.5559434564784169
0.5810624742880464
0.563380362931639
0.5702024851925671
0.5680695464834571
0.5629432923160493
0.5602562460117042
0.5718142124824226
0.5532005908899009
0.5645895814523101
0.547985459677875
0.5432216105982661
0.5566663388162851
0.5545540545135736
0.5673157791607082
0.5395903354510665
0.5454254574142396
0.5430173929780722
0.5511001502163708
0.536479402333498
0.5190765336155891
0.5300337853841484
0.5682994965463877
0.5666985991410911
0.5607250514440238
0.559060962870717
0.5433147079311311
0.5189549457281828
0.5380231780000031
0.5251520141027868
0.5486874431371689
0.5727557130157948
0.5559225934557617
0.570069080684334
0.5492336330935359
0.5291665587574244
0.5140509526245296
0.5410014567896724
0.550390756689012
0.5427828882820904
0.5596254630945623
0.5450077373534441
0.5446204128675163
0.5211177580058575
0.5280955862253904
0.5302824899554253
0.5425433232448995
0.562562242615968
0.5589546272531152
0.5293824197724462
0.5257041025906801
0.5280601549893618
0.5195217584259808
0.5209331619553268
0.5158376069739461
0.5395476245321333
0.5438163857907057
0.5360947358421981
0.5437940363772213
0.5157785164192319
0.49260855838656425
0.5271748094819486
0.49993566516786814
0.5086921388283372
0.5380352362990379
0.5433685793541372
0.566674851346761
0.5419349791482091
0.514244208112359
0.5225626179017127
0.5083818342536688
0.5325854434631765
0.516850424464792
0.5405104132369161
0.5693164081312716
0.5513739241287112
0.5391136999242008
0.5422750506550074
0.5041439379565418
0.5138249243609607
0.5480015547946095
0.528682135976851
0.5171269639395177
0.5540403369814157
0.5570112238638103
0.5590075817890465
0.5473364857025445
0.5057387733832002
0.5034411856904626
0.5330761163495481
0.5844814456067979
0.6144228149205446
0.5074891122058034
0.5126790488138795
0.503223383333534
0.546273801010102
0.6942961560562253
0.6755411913618445
0.6688687801361084
0.6704500485211611
0.6628382112830877
0.663439704105258
0.6646263394504786
0.6512668617069721
0.6586168864741921
0.6645119432359934
0.649603889323771
0.649863438680768
0.6417683623731136
0.6498342249542475
0.6396347861737013
0.6410900931805372
0.6284470958635211
0.6457400368526578
0.6370348939672112
0.6427695341408253
0.6272375667467713
0.6310634152032435
0.6386489160358906
0.6362060196697712
0.6326615335419774
0.6205799728631973
0.6189507972449064
0.6331479195505381
0.64021997153759
0.6229379307478666
0.6214351747184992
0.6246441779658198
0.6062814593315125
0.6179016190581024
0.6188761200755835
0.6260681822896004
0.6368089225143194
0.6237703943625093
0.6364677343517542
0.6295439284294844
0.6071019866503775
0.604018319863826
0.6211364679038525
0.6228647893294692
0.6311539029702544
0.6303072283044457
0.6184191410429776
0.6231709504500031
0.6046675480902195
0.6128827729262412
0.6095988084562123
0.6145855863578618
0.6344559211283922
0.6290239207446575
0.6077560195699334
0.6127057163976133
0.6040942147374153
0.6165963807143271
0.6039210199378431
0.6143766548484564
0.6219673743471503
0.6255863718688488
0.6252001021057367
0.628119321539998
0.6000702204182744
0.5973950978368521
0.6126087429001927
0.5983734126202762
0.6084695812314749
0.6250533703714609
0.6191533142700791
0.6354122180491686
0.6173330200836062
0.597581869456917
0.5988934147171676
0.6095208246260881
0.6101987021975219
0.6003717454150319
0.6168424673378468
0.6301988647319376
0.6273317374289036
0.6152443690225482
0.6201897282153368
0.592900674790144
0.591309707146138
0.6299536325968802
0.6086117140948772
0.6080280710011721
0.6288951239548624
0.6215285919606686
0.6259985584765673
0.6283145193010569
0.5894391136243939
0.5854793637990952
0.6137645388953388
0.6113184965215623
0.5846605659462512
0.6205101478844881
0.6244443245232105
0.613049981649965
0.6318928706459701
0.6238000388257205
0.6186098759062588
0.5833633937872946
0.5978426868095994
0.6054271105676889
0.6171151287853718
0.6230745282955468
0.6167640690691769
0.6195399207063019
0.6173602929338813
0.6166316443122923
0.6183430976234376
0.6199779687449336
0.5970229892991483
0.603268844075501
0.5931265410035849
0.6075719743967056
0.6083092885091901
0.607486529275775
0.604578610509634
0.6249129232019186
0.6289033051580191
0.6213439423590899
0.6275105504319072
0.694288999773562
0.6782030267640948
0.6681666150689125
0.6712170839309692
0.6645514303818345
0.6587750855833292
0.6651385361328721
0.6506409430876374
0.6580834174528718
0.6609247978776693
0.6419846303761005
0.6467278236523271
0.6417668294161558
0.6425573453307152
0.6396902166306973
0.6416469439864159
0.6323618469759822
0.642428151331842
0.6330904513597488
0.6418347749859095
0.6418154425919056
0.6360123273916543
0.6361821917816997
0.6322654187679291
0.6328343274071813
0.6176375527866185
0.6177944857627153
0.6405215673148632
0.6448127580806613
0.6177108716219664
0.6230797823518515
0.6182245756499469
0.612271660938859
0.6202243091538548
0.616317592561245
0.623642229475081
0.6361374957486987
0.6296935807913542
0.6405095225200057
0.6302773500792682
0.6099211960099638
0.6121556321159005
0.6275840550661087
0.6244867220520973
0.633943238761276
0.6321617420762777
0.6172563405707479
0.6242362186312675
0.6011628648266196
0.6147168157622218
0.6141614620573819
0.6128024319186807
0.6315780328586698
0.6342280763201416
0.6145405983552337
0.6124937850981951
0.6082022120244801
0.6166806807741523
0.6093257176689804
0.6133537408895791
0.6234212890267372
0.6202871967107058
0.6212736908346415
0.625707196071744
0.5968913650140166
0.6007746080867946
0.6178916785866022
0.5987846772186458
0.5997614748775959
0.6317939586006105
0.6269118501804769
0.6343960231170058
0.6159439468756318
0.60165038658306
0.6061226674355567
0.6011611395515501
0.6125381076708436
0.5991004989482462
0.6133893779478967
0.6283808066509664
0.6245185919106007
0.6137298475950956
0.6138004753738642
0.5973929548636079
0.6050573247484863
0.6291458457708359
0.6082504675723612
0.6091528930701315
0.6247039674781263
0.6228372938930988
0.627670818939805
0.6272913832217455
0.5959497028961778
0.5828889193944633
0.6106691779568791
0.6118691847659647
0.6133981486782432
0.6245756987482309
0.6234035464003682
0.6134878229349852
0.6355139478109777
0.6190956803038716
0.6120871687307954
0.5838540433906019
0.6035210927948356
0.6024627876468003
0.6239417670294642
0.6102327834814787
0.6258673556149006
0.6223317100666463
0.62021329626441
0.6179225342348218
0.6242543635889888
0.622845446690917
0.5922854198142886
0.6126761459745467
0.5910082012414932
0.6081786947324872
0.6138320155441761
0.6030998607166111
0.6192370159551501
0.6110020312480628
0.6353966854512691
0.6168068768456578
0.6231626961380243
0.6925047161057591
0.6728079840540886
0.6687318999320269
0.6677485965192318
0.6611803835257888
0.6593103120103478
0.6612757500261068
0.6488832598552108
0.6553601613268256
0.661680362187326
0.6433291053399444
0.6455564685165882
0.6440072981640697
0.6427440084517002
0.6386814280413091
0.6414329949766397
0.6300211390480399
0.6439085938036442
0.6323222434148192
0.6410538568161428
0.6312279785051942
0.6325951078906655
0.6341830403544009
0.6321864719502628
0.628353837877512
0.6170870712958276
0.6116834986023605
0.6316923517733812
0.643187471665442
0.6169448150321841
0.6256164591759443
0.6198517000302672
0.6165493503212929
0.6171849775128067
0.6146646090783179
0.6222728262655437
0.6356543656438589
0.626257224008441
0.6382639091461897
0.6321409274823964
0.610727327875793
0.6063973158597946
0.6263359282165766
0.6224599638953805
0.6271733255125582
0.6285387119278312
0.6202625348232687
0.6207277188077569
0.6014662231318653
0.6124523300677538
0.6076451018452644
0.6106425868347287
0.6285851923748851
0.630815050099045
0.6120135802775621
0.6112639317288995
0.6067749066278338
0.611439626198262
0.611974198371172
0.6097374241799116
0.6270557101815939
0.6256082905456424
0.624656611122191
0.6234363629482687
0.5974778356030583
0.5937648168765008
0.616266752127558
0.6013306113891304
0.6084443377330899
0.6283306395635009
0.621862227562815
0.6361906542442739
0.6195935970172286
0.5977267073467374
0.5957254199311137
0.6049217549152672
0.6121270917356014
0.597796592861414
0.6164641049690545
0.628518064506352
0.6255723023787141
0.6120928730815649
0.613784265704453
0.5889970287680626
0.6015722155570984
0.6262793634086847
0.6118136900477111
0.6038452140055597
0.624876709189266
0.6255046557635069
0.6248059989884496
0.6260464051738381
0.5969436820596457
0.5940533573739231
0.6174062159843743
0.610404176171869
0.6120953713543713
0.6219783760607243
0.6254133088514209
0.6285365540534258
0.6174022485502064
0.6189746703021228
0.5890207909978926
0.5844338876195252
0.610288823954761
0.6126731783151627
0.6112839817069471
0.6230377946048975
0.6222691084258258
0.6127056507393718
0.6199241671711206
0.6194502753205597
0.6264514792710543
0.6004702812060714
0.6060096896253526
0.5832821829244494
0.6109626954421401
0.6060937349684536
0.6114911953918636
0.6114401612430811
0.6140677300281823
0.6215822068043053
0.626592624001205
0.6113610691390932
0.6842940552160144
0.6735354987904429
0.6627804953604937
0.6727652903646231
0.6558089861646295
0.6568260211497545
0.6631722198799253
0.6500553684309125
0.6606350280344486
0.6610027756541967
0.6435722038149834
0.6493703117594123
0.638371255248785
0.6363773541525006
0.6377937635406852
0.6406421400606632
0.6315391361713409
0.6430178098380566
0.632770131342113
0.6415873914957047
0.6300319395959377
0.6330009391531348
0.6300260154530406
0.6333878850564361
0.6264171106740832
0.617575685493648
0.6213381513953209
0.6359218405559659
0.6393565265461802
0.6189449382945895
0.6291441079229116
0.6174118090420961
0.6117189903743565
0.6160292541608214
0.6127007408067584
0.6286535942927003
0.6376101663336158
0.6320663150399923
0.6376682724803686
0.6283767521381378
0.6180846560746431
0.6063709277659655
0.6198702417314053
0.6258231145329773
0.6330823320895433
0.6269671665504575
0.6192867159843445
0.622109959833324
0.6074400949291885
0.6159015754237771
0.6122229876928031
0.6086408393457532
0.6270139319822192
0.6311261747032404
0.6178008862771094
0.6091489177197218
0.6044580801390111
0.6113075683824718
0.6148717300966382
0.6093341852538288
0.6262508626095951
0.6195937506854534
0.6263380814343691
0.6273077297955751
0.5992450080811977
0.5941658979281783
0.6155884237959981
0.6067625400610268
0.6003919839859009
0.6318715820088983
0.6203661849722266
0.6345323361456394
0.6137189515866339
0.5993016641587019
0.595964799169451
0.603312601801008
0.608526739757508
0.602710535749793
0.6199398338794708
0.6251215627416968
0.6177033525891602
0.6120639005675912
0.6186675494536757
0.5937616019509733
0.6009735525585711
0.6265085758641362
0.6069745114073157
0.6112888064235449
0.6273184232413769
0.6205066973343492
0.6282381587661803
0.6264995401725173
0.5917791188694537
0.5883771837688982
0.610142283141613
0.6111608166247606
0.6057840529829264
0.6245027650147676
0.6224333513528109
0.6185528170317411
0.6305988552048802
0.6207342310808599
0.6088257296942174
0.5808844962157309
0.6029850845225155
0.6087796981446445
0.6232505547814071
0.611055332235992
0.6222883481532335
0.6178209357894957
0.6183864260092378
0.6178795676678419
0.6172741251066327
0.6276641082949936
0.5938698081299663
0.6071268003433943
0.5853806571103632
0.6010709684342146
0.609738034196198
0.6054590558633208
0.6173563855700195
0.6084057283587754
0.6350448164157569
0.6135408943518996
0.621142438147217
0.685123011469841
0.676077920012176
0.6668331511318684
0.670438134111464
0.6652753399685025
0.658502135425806
0.6616813885048032
0.6470514759421349
0.6568388119339943
0.664333026856184
0.6374945929273963
0.647029041312635
0.6452565863728523
0.6428019488230348
0.6445673201233149
0.6394968898966908
0.6285055680200458
0.6453525004908442
0.6332148164510727
0.640069711022079
0.6277685505338013
0.6301043345592916
0.6383777912706137
0.6370385168120265
0.6326025570742786
0.6171081475913525
0.6150574432685971
0.6404972015880048
0.6366710290312767
0.6235676580108702
0.6208097590133548
0.6159105994738638
0.6151512688957155
0.6125453817658126
0.6118723726831377
0.629625216126442
0.6404270799830556
0.6275835959240794
0.6386935925111175
0.6284654783084989
0.6100973393768072
0.6107158316299319
0.6251795375719666
0.6230654022656381
0.6335118422284722
0.6334673818200827
0.6192289562895894
0.6210963763296604
0.602622757665813
0.6177920517511666
0.6170005765743554
0.6119732167571783
0.6342876357957721
0.6287967744283378
0.6116316355764866
0.6136043518781662
0.6057957075536251
0.6093319649808109
0.6067294888198376
0.6073496262542903
0.6283418666571379
0.6234148042276502
0.6220872327685356
0.622293290682137
0.6010546060279012
0.5964720682241023
0.6135466163977981
0.6021706657484174
0.6069817477837205
0.6292379107326269
0.6207843106240034
0.6356228906661272
0.6192799666896462
0.6010755002498627
0.5998447057791054
0.6022052234038711
0.6104360362514853
0.6011745841242373
0.6203497014939785
0.6317272996529937
0.6245062849484384
0.6093292594887316
0.6197213996201754
0.5927453562617302
0.5993253723718226
0.6282193856313825
0.6085181944072247
0.6029065405018628
0.6209130641072989
0.6235232721082866
0.625971564091742
0.6294285799376667
0.5901123085059226
0.5891391099430621
0.6104719792492688
0.6134884618222713
0.6948261987417936
0.6803993601351976
0.6764786541461945
0.6792506165802479
0.6741974353790283
0.6624910915270448
0.6390541847795248
0.6539149098098278
0.6515467213466763
0.6523025082424283
0.6484021740034223
0.6570925684645772
0.6488415859639645
0.6511517316102982
0.6422797776758671
0.6478562466800213
0.6515052122995257
0.6220391094684601
0.6415176875889301
0.6119508668780327
0.6368341841734946
0.6495101461187005
0.6287510823458433
0.6396790631115437
0.63526073936373
0.6538423858582973
0.6429912634193897
0.6429218933917582
0.6881677424535155
0.6811273107305169
0.670544576831162
0.6704941680654883
0.658383090980351
0.6618265705183148
0.6651409547775984
0.6475089760497212
0.66302708722651
0.6577535914257169
0.6356087662279606
0.6493609109893441
0.6446181447245181
0.6366494344547391
0.6437863344326615
0.6394880805164576
0.6274757790379226
0.6472790371626616
0.6344461590051651
0.6410575229674578
0.6275561824440956
0.6300482777878642
0.6362091144546866
0.630077469162643
0.6266995626501739
0.6134416805580258
0.6165997684001923
0.63192696031183
0.6428141640499234
0.6175071811303496
0.6187045350670815
0.6133952816016972
0.6123235253617167
0.6237666299566627
0.6101874024607241
0.6288705640472472
0.6385439382866025
0.6248111296445131
0.6391572933644056
0.6322534196078777
0.6077234717085958
0.6074922392144799
0.6185684716328979
0.6243355730548501
0.6319471821188927
0.6317400932312012
0.6224709236994386
0.6182725066319108
0.605230525135994
0.6133075132966042
0.6159905116073787
0.610736567992717
0.6297755874693394
0.6328625846654177
0.6149374339729548
0.6076023555360734
0.6053745429962873
0.6158400205895305
0.6039253063499928
0.6120542902499437
0.6222778195515275
0.6278805457986891
0.6227232152596116
0.6271697632037103
0.5962024112232029
0.6003523455001414
0.6179178194142878
0.6012837556190789
0.6073073255829513
0.6266639940440655
0.6252872599288821
0.6364881223998964
0.6142058102414012
0.6009633243083954
0.5970367854461074
0.6061486368998885
0.6131206168793142
0.5999042214825749
0.619414699729532
0.6302226949483156
0.6232358510605991
0.6113017061725259
0.614834672305733
0.5951842106878757
0.5999551489949226
0.630889096762985
0.609870751388371
0.6047463309951127
0.6248164684511721
0.6237257802858949
0.6276348698884249
0.6281989216804504
0.596106983255595
0.5855315132066607
0.6070732995867729
0.6122515671886504
0.6270880224183202
0.6332404306158423
0.6230564909055829
0.6174557763151824
0.6261638649739325
0.624808166641742
0.6062601120211184
0.569551695138216
0.5946358880028129
0.5989376702345908
0.5985171305947006
0.6079793851822615
0.6171850864775479
0.6173805040307343
0.6075608008541167
0.591500355862081
0.6049160081893206
0.6028183526359499
0.5712920501828194
0.5910638766363263
0.5634993920102715
0.5884593934752047
0.590015010908246
0.5738581977784634
0.5960620935074985
0.5831223037093878
0.6291549815796316
0.5978071661666036
0.603310102596879
0.6886482797563076
0.675212811678648
0.6693991245701909
0.6672112727537751
0.6607359433546662
0.6650739032775164
0.6618240075185895
0.6545398561283946
0.6566721191629767
0.6590465568006039
0.6436399202793837
0.6441860171034932
0.642365456558764
0.6414019875228405
0.637963674031198
0.6371452119201422
0.6277358215302229
0.6491893362253904
0.6360743446275592
0.6418061810545623
0.624643006362021
0.634333960711956
0.6338878478854895
0.6290871328674257
0.6264076856896281
0.6232138685882092
0.6176708033308387
0.6352440379559994
0.640145362354815
0.6227118070237339
0.6217184076085687
0.6191993169486523
0.6096315179020166
0.6194708533585072
0.6158193196170032
0.6279649115167558
0.6366159822791815
0.6243128152564168
0.6400186438113451
0.6298425616696477
0.6126923905685544
0.6064772973768413
0.6230118917301297
0.6234771832823753
0.6295723421499133
0.6333329137414694
0.623559950850904
0.6199784632772207
0.6071203760802746
0.617490298114717
0.6127786822617054
0.6120819128118455
0.6327164322137833
0.6295943381264806
0.6128970929421484
0.6106828930787742
0.6097305831499398
0.6174153303727508
0.6121128150261939
0.6071151914075017
0.6243156297132373
0.6237928722985089
0.6185192763805389
0.6208228091709316
0.5963798654265702
0.5967372925952077
0.6158312037587166
0.5978729166090488
0.606327916495502
0.6260889307595789
0.6211074483580887
0.635470038279891
0.6157713392749429
0.5938994642347097
0.6039120969362557
0.601422281935811
0.609830541536212
0.6003622352145612
0.6165392883121967
0.6265435153618455
0.6207592645660043
0.6160798044875264
0.6161440424621105
0.5874428111128509
0.601946777664125
0.621467836201191
0.6136499550193548
0.6097698281519115
0.622279149480164
0.6219925978220999
0.6229333132505417
0.6260473164729774
0.5965224164538085
0.5809761541895568
0.6103306054137647
0.6086618695408106
0.6073337909765542
0.6222661202773452
0.6170989125967026
0.6186928255483508
0.6262724078260362
0.6198665932752192
0.611545046325773
0.5836138967424631
0.5997281246818602
0.6059370818547904
0.6292250766418874
0.6085868179798126
0.6187051786109805
0.6217156853526831
0.6176425879821181
0.6157813626341522
0.6208055415190756
0.6234405525028706
0.585241052787751
0.610558875836432
0.590887744911015
0.5975851812399924
0.6165246646851301
0.6014061151072383
0.6176545908674598
0.6089088027365506
0.6360639780759811
0.6124893012456596
0.6194866290315986
0.5806849952787161
0.5943087050691247
0.596863912884146
0.6099715800955892
0.6038946565240622
0.5929299723356962
0.6146191162988544
0.601459164172411
0.6091767367906868
0.6031593955121934
0.5941076301969588
0.5977393463253975
0.5959860719740391
0.5972866453230381
0.5910505992360413
0.587020467966795
0.5767435231246054
0.6016009389422834
0.5847976519726217
0.6055307099595666
0.5831138929352164
0.5918144681490958
0.5817483207210898
0.5883236825466156
0.5848400495015085
0.5705353142693639
0.5717256525531411
0.6014902596361935
0.5995214991271496
0.5940042277798057
0.5910016777925193
0.5819621123373508
0.571790489833802
0.58139972621575
0.5774593190290034
0.591860274784267
0.6066697663627565
0.5878167431801558
0.6042300872504711
0.5928057706914842
0.5794737660326064
0.5571383666247129
0.585127875674516
0.5908995545469224
0.5943770888261497
0.6080078207887709
0.5893948776647449
0.580446079839021
0.5703645395115018
0.580228487495333
0.5775293903425336
0.5770832924172282
0.6012937864288688
0.5976396002806723
0.5793582298792899
0.5773552935570478
0.5794292860664427
0.578799047973007
0.5795390801504254
0.5694955815561116
0.5899698925204575
0.5923635824583471
0.5929744495078921
0.5875509260222316
0.5578643386252224
0.5616069776006043
0.5833153086714447
0.5583976828493178
0.5708421296440065
0.5954012740403414
0.593719650991261
0.6013416042551398
0.5875677512958646
0.5526344506070018
0.56282575475052
0.5663761245086789
0.5760984751395881
0.5608906908892095
0.5875294478610158
0.5953978830948472
0.5978924706578255
0.5876870942302048
0.5846045562066138
0.5565083269029856
0.5647457106970251
0.5958762168884277
0.5717534637078643
0.5771524398587644
0.5987192657776177
0.5884531545452774
0.5949733816087246
0.5987506010569632
0.560000313911587
0.5496878544799984
0.573534375987947
0.5828547729179263
0.5795220010913908
0.591046407353133
0.5960983051918447
0.5850392109714448
0.5991780641488731
0.5882389778271317
0.5803334307856858
0.548918685875833
0.5599151537753642
0.5757738188840449
0.5986380046233535
0.5759262889623642
0.5871894313022494
0.5887683141045272
0.5932626607827842
0.5811216877773404
0.592036658897996
0.6020890758372843
0.557062353938818
0.5749953407794237
0.5563505119644105
0.5679186112247407
0.5814329646527767
0.5698489937931299
0.5820946535095572
0.581468699965626
0.6109341816045344
0.586521761957556
0.5968198128975928
0.5538991414941847
0.5559556158259511
0.5541144623421133
0.5846145008690655
0.5676338798366487
0.557344741653651
0.581011310685426
0.5659603392705321
0.5793939125724137
0.5763189643621445
0.5692541156895459
0.5634620753116906
0.5691701620817184
0.5667774868197739
0.5605198764242232
0.5604586424306035
0.5428852322511375
0.5668592411093414
0.5555530940182507
0.5718621206469834
0.5445652198977768
0.5618671649135649
0.5451149609871209
0.556818647775799
0.538376497104764
0.5298643172718585
0.5407115281559527
0.5677671190351248
0.5739657715894282
0.5584308728575706
0.5480766934342682
0.5537026738747954
0.541065632365644
0.5394031112082303
0.5428360030055046
0.5563377453945577
0.5777352056466043
0.5613274262286723
0.5735000451095402
0.5537603395059705
0.5460529858246446
0.5161059340462089
0.5452770055271685
0.5492940456606448
0.556543049402535
0.5759866880252957
0.5489674378186464
0.539135564584285
0.5267235459759831
0.5458935792557895
0.5424205148592591
0.5422311723232269
0.5672675706446171
0.5711636072956026
0.5460430872626603
0.5453352588228881
0.5398768824525177
0.5456348485313356
0.537707251496613
0.5285143894143403
0.556471127551049
0.5599647955968976
0.5595037341117859
0.5564277288503945
0.5175055358558893
0.5190366012975574
0.5401136893779039
0.5189347788691521
0.5287631605751812
0.5564248231239617
0.5570392510853708
0.5691580548882484
0.536475645378232
0.5056623606942594
0.5182445789687335
0.5227952138520777
0.5351375467143953
0.5266620148904622
0.5458386745303869
0.5762338354252279
0.5584433856420219
0.5488972226157784
0.5591438631527126
0.5068229446187615
0.5258931769058108
0.5613729264587164
0.5243888073600829
0.5322405803017318
0.5550283305346966
0.5556430732831359
0.5601388667710125
0.5618117158301175
0.5146582429297268
0.5022651823237538
0.5358603345230222
0.548855185508728
0.5347614618949592
0.5527257826179266
0.5511896377429366
0.543061401695013
0.5690673175267875
0.5491622253321111
0.5428439993411303
0.507470334880054
0.5183130935765803
0.5373040409758687
0.5621409141458571
0.5381899061612785
0.5564264175482094
0.5574773224070668
0.5504239238798618
0.5266179954633117
0.560147600248456
0.5681058811023831
0.5168018117547035
0.5359270828776062
0.5143432901240885
0.5266986917704344
0.5443401834927499
0.5287718386389315
0.5413460643030703
0.5398490657098591
0.5779069284908473
0.5578354974277318
0.5570748844183981
0.5148982633836567
0.5240596760995686
0.5120653458870947
0.5490757352672517
0.5289400853216648
0.505813563708216
0.5358829591423273
0.5413218792527914
0.534599348437041
0.5438779545947909
0.5336907412856817
0.5190920121967793
0.5301733855158091
0.5242158705368638
0.5124932234175503
0.5237447912804782
0.5102473176084459
0.5177915333770216
0.511241412255913
0.5275905560702085
0.4971232092939317
0.5187626169063151
0.4961043265648186
0.5113749452866614
0.4930806402117014
0.483179182279855
0.4982502735219896
0.5244195098057389
0.5224051740951836
0.5299768312834203
0.5079771056771278
0.5138118057511747
0.5046396334655583
0.5063465526327491
0.5020894063636661
0.5149955553933978
0.5351077569648623
0.5245468681678176
0.5309880347922444
0.510309221688658
0.5048981057479978
0.4774252804927528
0.50063979299739
0.5011681159958243
0.5072000985965133
0.5263596940785646
0.5029787430539727
0.49395046662539244
0.47945540491491556
0.49272371642291546
0.4953239392489195
0.5047714659012854
0.522963082883507
0.5232081818394363
0.49693617317825556
0.4974820059724152
0.49667178886011243
0.501677789259702
0.5003228108398616
0.47184322588145733
0.5186089621856809
0.5147726126015186
0.5110296006314456
0.5117059303447604
0.4710485846735537
0.4759641271084547
0.48993023531511426
0.47814245289191604
0.4807270443998277
0.503604746889323
0.5223670122213662
0.5289017567411065
0.49844216369092464
0.45826669270172715
0.45857241470366716
0.46399756660684943
0.4846109771169722
0.4805254661478102
0.49093181686475873
0.5405488424003124
0.513994054403156
0.49842160381376743
0.520841381046921
0.46472964994609356
0.4712282782420516
0.5137556064873934
0.4772379652131349
0.47863532742485404
0.5125894583761692
0.5203996505588293
0.5206644176505506
0.5185110024176538
0.4687189641408622
0.4544896022416651
0.49364776397123933
0.5158400693908334
0.48608160577714443
0.5052806450985372
0.5086538973264396
0.5199901279993355
0.5301318615674973
0.49579392140731215
0.5088227335363626
0.45919243060052395
0.4928418262861669
0.49464330775663257
0.5143138999119401
0.5137320016510785
0.49975512363016605
0.5191538506187499
0.5014649862423539
0.49268430983647704
0.5206835395656526
0.5075983656570315
0.4883277788758278
0.47932267328724265
0.4751756696496159
0.4899726649746299
0.5058904606848955
0.4977227901108563
0.490108456928283
0.4974265876226127
0.5431194882839918
0.50193175021559
0.5573775125667453
0.47451578197069466
0.4740132847800851
0.4708154830150306
0.5138095240108669
0.49068225268274546
0.4620761605910957
0.4875845303758979
0.4974808474071324
0.48534923791885376
0.5056110350415111
0.4878828227519989
0.48205701471306384
0.4900124929845333
0.48794740717858076
0.4650000771507621
0.48002192424610257
0.46165719581767917
0.48104366660118103
0.46788765816017985
0.480805529281497
0.444829641841352
0.47326707281172276
0.4339237823151052
0.4676728006452322
0.445925141684711
0.43136746250092983
0.4517564829438925
0.46582733606919646
0.48766219383105636
0.4735235506668687
0.46139370556920767
0.465432099532336
0.45490502612665296
0.44538253732025623
0.44997564423829317
0.4624075142201036
0.5021664309315383
0.4912904272787273
0.4994954150170088
0.4717213222756982
0.45390927139669657
0.42739349510520697
0.4472931695636362
0.4539119340479374
0.4551783250644803
0.47016410203650594
0.4588929805904627
0.44890596624463797
0.43715453799813986
0.45255391439422965
0.435846543405205
0.4573761164210737
0.4795169453136623
0.4791192249394953
0.4579851666931063
0.4432448772713542
0.44402123847976327
0.45323111582547426
0.4554512002505362
0.4174537507351488
0.46057315496727824
0.47313394863158464
0.454230235889554
0.47917203325778246
0.425734915304929
0.4278127448633313
0.4348176724743098
0.4253981823567301
0.43188721197657287
0.4451313300523907
0.46787294186651707
0.486289638094604
0.4514769585803151
0.4197572539560497
0.40748376213014126
0.4186971941962838
0.43958720937371254
0.44291854836046696
0.4583489103242755
0.497672317083925
0.4778035166673362
0.46023784042336047
0.4749587634578347
0.41321018268354237
0.43405421636998653
0.4603475690819323
0.43416498182341456
0.4265448525547981
0.4565436183474958
0.4719871343113482
0.4868048462085426
0.4699066514149308
0.41765410406515
0.40284488536417484
0.44975440739654005
0.4990456039085984
0.4425006634555757
0.46420179260894656
0.45056653395295143
0.4583312412723899
0.47754043247550726
0.4811017410829663
0.4667969807051122
0.42952102422714233
0.43659057980403304
0.4479193831793964
0.47360616410151124
0.43664011103101075
0.46569650201126933
0.4736575148999691
0.4677184158936143
0.43983199959620833
0.46462045004591346
0.4778707018122077
0.42978003062307835
0.44707056507468224
0.41923933126963675
0.43915283400565386
0.4655247158370912
0.4551181229762733
0.4594438527710736
0.44458975875750184
0.4950199178420007
0.47079757414758205
0.4714574823155999
0.44348340202122927
0.44690694846212864
0.42676404118537903
0.45632477616891265
0.4490164746530354
0.4125586540903896
0.4403051375411451
0.4514227518811822
0.430475024972111
0.45549669209867716
0.4332883816678077
0.435159710701555
0.4326766256708652
0.4444360565394163
0.4157664394006133
0.42573046730831265
0.4184880433604121
0.44043409219011664
0.4193181961309165
0.4420801866799593
0.4067952074110508
0.4256694377399981
0.38897297042421997
0.41563300089910626
0.39993018889799714
0.3849540411029011
0.40918359672650695
0.41459679533727467
0.4374007759615779
0.4413729435764253
0.4141620988957584
0.4244826673530042
0.40490954695269465
0.41365647525526583
0.4025613786652684
0.4216373269446194
0.4455017517320812
0.4421123522333801
0.44276223704218864
0.42095105024054646
0.4149046312086284
0.3900986921507865
0.42139537166804075
0.41217647725716233
0.39992914674803615
0.4262523192446679
0.41249786387197673
0.40810919064097106
0.39856207417324185
0.40610721288248897
0.3992191192228347
0.4101557666435838
0.4354985966347158
0.42842198768630624
0.40924612805247307
0.40448096790350974
0.3990317042917013
0.40878354478627443
0.3966189830098301
0.3800689794588834
0.41621207748539746
0.41809156723320484
0.40604938357137144
0.4285685811191797
0.3885593796148896
0.3775575889740139
0.3819973524659872
0.39336728979833424
0.38374470896087587
0.413862899877131
0.4195805503986776
0.43236924707889557
0.4040943698491901
0.37845949130132794
0.3807553213555366
0.385266556404531
0.3919076104648411
0.3902283040806651
0.42277059191837907
0.4391876687295735
0.4507278148084879
0.41120623843744397
0.4304011974018067
0.3954464425332844
0.38503637281246483
0.4140708688646555
0.39704413269646466
0.3745799066964537
0.4114175923168659
0.4281882701907307
0.4502425850369036
0.43645498948171735
0.3795019700191915
0.3715244852937758
0.40306663955561817
0.4473375838715583
0.3941271018702537
0.4121083407662809
0.40834433073177934
0.4042592947371304
0.43109985440969467
0.4368732091970742
0.4358057032804936
0.3836082776542753
0.39549173158593476
0.3976971977390349
0.4255741697270423
0.39570348197594285
0.4161151200532913
0.4349492508918047
0.42297394620254636
0.40278635430149734
0.43372331373393536
0.42769340914674103
0.38803020864725113
0.4124164206441492
0.37171389535069466
0.3845830901991576
0.41254003113135695
0.4167153516318649
0.4197940179146826
0.4024757365696132
0.45536964898929
0.4196744617074728
0.43066600942984223
0.41282719443552196
0.4052145299501717
0.3852308781351894
0.41271289018914104
0.40850938321091235
0.3801962707657367
0.38816910912282765
0.40736282686702907
0.3826311209704727
0.4147335118614137
0.39367877738550305
0.40581893897615373
0.38324727094732225
0.4029880743473768
0.3740292084403336
0.3936035428196192
0.3708618604578078
0.40508605702780187
0.38903237832710147
0.40021332050673664
0.38261916814371943
0.38394133746623993
0.34558316390030086
0.38821047614328563
0.3638853901065886
0.35069875698536634
0.38014143821783364
0.37298181117512286
0.39539308031089604
0.40141537599265575
0.3778152852319181
0.38009569025598466
0.3745992782060057
0.3593845875002444
0.36270624538883567
0.39200930995866656
0.39676136360503733
0.4070357708260417
0.4061104110442102
0.3786095336545259
0.38080656505189836
0.35151997790671885
0.36569143109954894
0.3730230543296784
0.3707573148421943
0.37169397668913007
0.3868260143790394
0.3537401931826025
0.3545409592334181
0.37206484959460795
0.3696491385344416
0.36350279743783176
0.39592984854243696
0.3898025397211313
0.358864949317649
0.3572308170842007
0.3653499756474048
0.36879143328405917
0.3601979836821556
0.3359613746870309
0.36932386574335396
0.39304365986026824
0.3670706159900874
0.3881950923241675
0.3492563522886485
0.34864763962104917
0.3555762784089893
0.3526556505821645
0.35499203647486866
0.36074214801192284
0.3783975469414145
0.4002369896043092
0.37397572910413146
0.34852257347665727
0.34247283753938973
0.3495087183546275
0.35989352338947356
0.3565952458884567
0.38137310720048845
0.4071895773522556
0.4108935510739684
0.38144692475907505
0.39146053325384855
0.3562849883455783
0.3528190879151225
0.37566385557875037
0.3591912239789963
0.3475452505517751
0.38426903425715864
0.38985584396868944
0.4038624968379736
0.39425139082595706
0.3448744628112763
0.33603143971413374
0.35787549475207925
0.40074531151913106
0.369701978052035
0.3851874836254865
0.38146417518146336
0.3674120479263365
0.40684660198166966
0.4019723772071302
0.38890032446943223
0.36482840473763645
0.36670235497877
0.36648903461173177
0.4005037508904934
0.3630454340018332
0.3907471732236445
0.38202401134185493
0.40017079934477806
0.37647514953278005
0.38354710256680846
0.3881367517169565
0.3647347614169121
0.3766417142469436
0.3366438315715641
0.34680126421153545
0.3776887229178101
0.3703649330418557
0.3747010095976293
0.37328595109283924
0.41063157515600324
0.395297845127061
0.39678324898704886
0.3581649682018906
0.37011285382322967
0.3630968355573714
0.3763043857179582
0.36678927997127175
0.3509749954100698
0.3534599633421749
0.3748013817239553
0.35326343355700374
0.38597599253989756
0.35267542814835906
0.37440760363824666
0.37257170607335865
0.36590953869745135
0.3382604094222188
0.35610467894002795
0.3363506698515266
0.3692456195130944
0.3632579850964248
0.36843082681298256
0.3518640589900315
0.3545491578988731
0.31121130054816604
0.353541043587029
0.3307528467848897
0.3188748846296221
0.3432716524694115
0.3335348330438137
0.36509842867963016
0.3794865964446217
0.3433363672811538
0.3502560167107731
0.336092161713168
0.3337623020634055
0.33549528708681464
0.3536057067103684
0.35728156846016645
0.3684084478300065
0.3682337214704603
0.3595840747002512
0.35649053240194917
0.3239055029116571
0.33271148265339434
0.36260620621033013
0.34962252248078585
0.35554552753455937
0.36785434326156974
0.33559326478280127
0.3094533912371844
0.3345739853102714
0.3291057236492634
0.3377801354508847
0.36870792554691434
0.3578133077826351
0.33853378309868276
0.3372095974627882
0.32281764852814376
0.3468463816680014
0.32358733122237027
0.3174269679002464
0.3414586205035448
0.3475914082955569
0.3317372959572822
0.36001153755933046
0.3231561572756618
0.33027736633084714
0.31743461126461625
0.32825910369865596
0.32922207936644554
0.3301452191080898
0.3583379832562059
0.3705696794204414
0.33790166093967855
0.3275947691872716
0.3094267346896231
0.3238207153044641
0.3359225632157177
0.32524550426751375
0.3412093217484653
0.37207271507941186
0.3679939219728112
0.3549674388486892
0.36648860154673457
0.33180014742538333
0.333982139127329
0.3452629076782614
0.33924195100553334
0.3141957519110292
0.3456421310547739
0.35270987753756344
0.3741972523275763
0.37461122078821063
0.32330494769848883
0.30600995291024446
0.32661087391898036
0.3539905820507556
0.3331910993438214
0.34862944623455405
0.339174720691517
0.33995052007958293
0.38858313648961484
0.3663006112910807
0.365036197938025
0.34331271215341985
0.3344323399942368
0.35165032115764916
0.36041985312476754
0.33832386904396117
0.35821088985539973
0.34331425791606307
0.37603835202753544
0.3378289982210845
0.36194920679554343
0.3716926409397274
0.3431268739514053
0.3360382823739201
0.313569160643965
0.3238027193583548
0.3453918215818703
0.3377697695977986
0.33978569717146456
0.35575121943838894
0.3768477968405932
0.3655481096357107
0.382049418753013
0.35509861703030765
0.3347811889834702
0.3379792985506356
0.3397035636007786
0.3351566642522812
0.32999368919990957
0.32222272153012455
0.3423002741765231
0.3358765372540802
0.34952828055247664
0.32545424811542034
0.33666378702037036
0.3441049058455974
0.3303956785239279
0.3040382906328887
0.32016653392929584
0.32647628558333963
0.33637854387052357
0.33862965391017497
0.33421183028258383
0.3229142085183412
0.33050846261903644
0.2972601836081594
0.32481576642021537
0.2944223142694682
0.2893054506275803
0.2981072156690061
0.3008222822099924
0.34285841323435307
0.3335273335687816
0.33495476690586656
0.34353228006511927
0.3096155244857073
0.3059127440210432
0.30543186888098717
0.33258159668184817
0.31984177720732987
0.32996624521911144
0.34310923144221306
0.318551313248463
0.3309851032681763
0.3027686739806086
0.3196721253916621
0.33582287514582276
0.32616370683535933
0.3154794212896377
0.3319298463175073
0.3003814818803221
0.29835625644773245
0.3286054914351553
0.31002451037056744
0.31575867033097893
0.33778366236947477
0.3258850113488734
0.3017727448605001
0.30495136696845293
0.2908823388861492
0.3179794065654278
0.3056422397494316
0.2875765587668866
0.3019609128823504
0.3326843639370054
0.30209467047825456
0.32599241146817803
0.3087446284480393
0.2925555525580421
0.31087613198906183
0.30010918714106083
0.3078293330036104
0.3128118203021586
0.32202981878072023
0.3422921330202371
0.3081580887082964
0.30232683359645307
0.2865638753864914
0.28895372920669615
0.31159035628661513
0.30233644624240696
0.330738203949295
0.3608691848348826
0.34657309018075466
0.32467908854596317
0.36478812200948596
0.316981487092562
0.3035730553092435
0.30179657822009176
0.2994959093630314
0.2986611109226942
0.3094926937483251
0.332417989266105
0.36279358924366534
0.3344868812710047
0.29165992385242134
0.2813236478250474
0.312364939134568
0.3433127705939114
0.2975346330786124
0.3041963962605223
0.32491335761733353
0.31697580870240927
0.3440414541400969
0.33087652712129056
0.3439114489592612
0.3202564271632582
0.3078830356243998
0.3230986421694979
0.33556428900919855
0.3098650760948658
0.3314044210128486
0.317102579632774
0.330429146066308
0.3013889661524445
0.3252839876804501
0.34536886727437377
0.30092263920232654
0.305050432914868
0.2948250889312476
0.3060291560832411
0.30928730801679194
0.3144607443828136
0.3244827922899276
0.3213075214298442
0.3548381600994617
0.33065258292481303
0.334248221013695
0.318003332358785
0.31721481843851507
0.3074449999257922
0.3212551788892597
0.3096131382044405
0.305521305417642
0.3075510876951739
0.32641500467434525
0.31402479531243443
0.3245872419793159
0.3125079059973359
0.33140806620940566
0.3271713489666581
0.29653332591988146
0.2988481327192858
0.3008944022003561
0.2807626409921795
0.31828596955165267
0.31007044203579426
0.3157628164626658
0.3069136645644903
0.30350068444386125
0.27490386948920786
0.29237023717723787
0.2695301236817613
0.2822762131690979
0.2778327852720395
0.2846881055738777
0.31302238814532757
0.32629669248126447
0.28551662852987647
0.33386954898014665
0.28925216174684465
0.2897537490352988
0.28204631013795733
0.29509507585316896
0.3004074078053236
0.3059030439471826
0.3129195678047836
0.2915951011236757
0.2884384866338223
0.276363079668954
0.2870114700635895
0.29228932596743107
0.2902651184704155
0.28728141786996275
0.3151960433460772
0.2882552845403552
0.26677614147774875
0.277580474736169
0.28339811542537063
0.2851949397008866
0.32001735898666084
0.3072885242290795
0.28690420696511865
0.2845424155239016
0.27336452389135957
0.30375630781054497
0.2640287958784029
0.2720071212388575
0.2843632090371102
0.30302346078678966
0.2925371015444398
0.3067180650541559
0.2728465684922412
0.26727258798200637
0.28147590160369873
0.288927422137931
0.2825479320017621
0.2971212558913976
0.29781912080943584
0.3413774664513767
0.3127159958239645
0.2865967929828912
0.2774296016432345
0.2645977995125577
0.2989618305582553
0.28747861040756106
0.28692610759753734
0.340415466343984
0.34009328368119895
0.3056082148104906
0.3170518269762397
0.29535146534908563
0.29187613842077553
0.3051697011105716
0.27840418997220695
0.27889375225640833
0.29006810870487243
0.29975752625614405
0.3275139117613435
0.3064604261890054
0.2646201398456469
0.2650015668477863
0.2876291057327762
0.30605755210854113
0.28533332562074065
0.28451562102418393
0.2938433742383495
0.2996405374724418
0.3332632633391768
0.3096836640033871
0.29587466665543616
0.3063945348840207
0.2881591075565666
0.2939891326241195
0.3153094423469156
0.306175532983616
0.31516960985027254
0.28670116956345737
0.32991796894930303
0.28496136772446334
0.3151510098250583
0.3231280364561826
0.2957195551134646
0.29281659610569477
0.26992282224819064
0.2829541570972651
0.29435503971762955
0.30292195710353553
0.31216124910861254
0.3173469107132405
0.3279321505688131
0.3120618269313127
0.31212821532972157
